0
0
219
718
0
13
0
509
258
201
695
357
44
0
387
0
140
617
398
210
0
0
489
160
0
162
15
0
171
900
65
527
883
283
134
862
740
831
66
712
219
489
0
0
527
0
626
0
382
70
980
0
934
0
0
0
0
0
62
826
718
160
0
0
139
347
796
82
29
398
858
0
939
341
0
433
647
526
876
25
0
0
527
139
0
528
535
42
727
318
0
349
345
852
755
0
72
247
0
0
13
162
0
347
528
0
997
902
0
956
262
943
312
0
499
841
726
633
815
105
0
15
626
796
535
997
0
229
7
972
777
118
469
0
934
936
974
888
0
64
509
0
0
82
42
902
229
0
176
0
701
0
60
86
0
0
46
136
422
148
258
171
382
29
727
0
7
176
0
114
0
219
833
968
927
158
0
974
24
494
201
900
70
398
318
956
972
0
114
0
125
555
739
908
417
0
666
461
680
987
695
65
980
858
0
262
777
701
0
125
0
509
318
231
0
0
750
0
584
0
357
527
0
0
349
943
118
0
219
555
509
0
0
705
927
0
449
193
0
685
44
883
934
939
345
312
469
60
833
739
318
0
0
405
0
0
0
35
798
0
0
283
0
341
852
0
0
86
968
908
231
705
405
0
0
638
240
836
773
608
387
134
0
0
755
499
934
0
927
417
0
927
0
0
0
886
362
66
889
0
0
862
0
433
0
841
936
0
158
0
0
0
0
638
886
0
212
647
411
576
140
740
0
647
72
726
974
46
0
666
750
449
0
240
362
212
0
575
0
811
617
831
0
526
247
633
888
136
974
461
0
193
35
836
66
647
575
0
957
646
398
66
62
876
0
815
0
422
24
680
584
0
798
773
889
411
0
957
0
117
210
712
826
25
0
105
64
148
494
987
0
685
0
608
0
576
811
646
117
0
