0
698
780
390
887
379
641
338
0
318
758
0
886
649
601
535
0
537
679
321
0
0
680
837
568
184
31
186
0
0
7
0
254
284
917
698
0
807
432
889
661
0
978
898
19
0
668
167
0
516
625
0
794
0
980
0
0
541
43
857
281
358
880
105
99
273
445
827
251
0
780
807
0
806
0
634
789
183
701
0
21
765
632
267
542
0
20
863
411
137
295
0
360
0
556
0
906
391
0
0
833
321
802
196
160
390
432
806
0
799
188
924
312
15
882
450
658
954
91
558
31
905
486
0
281
133
1
820
829
0
714
801
264
0
852
42
219
984
612
0
887
889
0
799
0
441
0
640
0
505
171
760
749
571
396
717
602
536
832
580
0
805
657
594
0
299
893
6
271
475
910
496
860
621
634
379
661
634
188
441
0
872
312
0
492
177
801
205
0
863
0
635
534
485
182
117
2
60
514
429
811
0
0
174
0
761
821
0
192
832
641
0
789
924
0
872
0
300
707
85
471
804
145
894
356
937
825
182
283
871
620
670
517
181
0
725
0
257
281
497
1
961
209
0
35
338
978
183
312
640
312
300
0
649
0
351
96
118
59
885
587
608
204
274
81
12
85
133
0
0
387
164
338
894
0
0
937
369
461
626
0
898
701
15
0
0
707
649
0
228
0
0
442
0
21
577
678
401
640
765
282
0
566
0
98
0
0
0
876
627
445
0
134
315
865
318
19
0
882
505
492
85
0
228
0
87
985
325
227
728
577
887
0
0
764
247
514
0
211
384
84
666
781
877
202
0
249
276
426
0
758
0
21
450
171
177
471
351
0
87
0
208
697
0
0
0
102
0
742
515
552
965
26
299
221
0
0
968
763
383
0
41
487
436
283
0
668
765
658
760
801
804
96
0
985
208
0
830
0
0
0
720
199
146
740
100
350
885
436
562
493
106
626
0
21
693
737
0
691
0
886
167
632
954
749
205
145
118
442
325
697
830
0
293
0
0
0
60
131
516
0
250
429
0
0
983
0
0
918
961
0
781
0
0
0
649
0
267
91
571
0
894
59
0
227
0
0
293
0
998
0
429
84
972
0
137
320
728
428
25
222
492
655
968
0
571
0
196
827
151
601
516
542
558
396
863
356
885
21
728
0
0
0
998
0
372
590
637
292
0
0
497
613
374
219
708
566
0
117
836
813
643
968
0
10
535
625
0
31
717
0
937
587
577
577
0
0
0
0
372
0
721
989
127
361
0
156
192
407
643
0
203
0
262
830
0
888
89
154
0
0
0
20
905
602
635
825
608
678
887
102
720
0
429
590
721
0
992
936
0
0
419
56
543
0
0
219
478
0
178
0
111
350
384
444
537
794
863
486
536
534
182
204
401
0
0
199
60
84
637
989
992
0
105
538
0
0
780
210
406
613
377
98
96
362
0
303
139
756
752
679
0
411
0
832
485
283
274
640
0
742
146
131
972
292
127
936
105
0
622
51
268
487
972
831
629
125
324
575
587
899
613
0
639
277
321
980
137
281
580
182
871
81
765
764
515
740
516
0
0
361
0
538
622
0
246
0
863
109
699
442
273
805
370
226
543
744
815
0
742
0
0
295
133
0
117
620
12
282
247
552
100
0
137
0
0
0
0
51
246
0
939
0
118
832
0
683
139
0
634
748
296
914
643
8
0
0
0
1
805
2
670
85
0
514
965
350
250
320
497
156
419
0
268
0
939
0
0
171
0
611
877
306
0
0
781
583
131
691
0
680
541
360
820
657
60
517
133
566
0
26
885
429
728
613
192
56
780
487
863
0
0
0
385
905
366
977
886
830
0
861
0
0
709
0
837
43
0
829
594
514
181
0
0
211
299
436
0
428
374
407
543
210
972
109
118
171
385
0
403
953
573
276
103
234
267
870
646
671
683
568
857
556
0
0
429
0
0
98
384
221
562
0
25
219
643
0
406
831
699
832
0
905
403
0
0
491
0
915
441
0
394
296
821
0
184
281
0
714
299
811
725
387
0
84
0
493
983
222
708
0
0
613
629
442
0
611
366
953
0
0
0
339
242
0
0
398
417
284
0
31
358
906
801
893
0
0
164
0
666
0
106
0
492
566
203
219
377
125
273
683
877
977
573
491
0
0
191
413
0
138
0
458
328
0
186
880
391
264
6
0
257
338
0
781
968
626
0
655
0
0
478
98
324
805
139
306
886
276
0
339
191
0
544
186
647
850
0
576
3
0
105
0
0
271
174
281
894
876
877
763
0
918
968
117
262
0
96
575
370
0
0
830
103
915
242
413
544
0
951
222
736
0
648
179
0
99
0
852
475
0
497
0
627
202
383
21
961
0
836
830
178
362
587
226
634
0
0
234
441
0
0
186
951
0
423
0
779
0
949
7
273
833
42
910
761
1
0
445
0
0
693
0
571
813
0
0
0
899
543
748
781
861
267
0
0
138
647
222
423
0
707
926
244
522
0
445
321
219
496
821
961
937
0
249
41
737
781
0
643
888
111
303
613
744
296
583
0
870
394
398
0
850
736
0
707
0
902
664
553
254
827
802
984
860
0
209
369
134
276
487
0
0
196
968
89
350
139
0
815
914
131
0
646
296
417
458
0
0
779
926
902
0
0
835
284
251
196
612
621
192
0
461
315
426
436
691
0
827
0
154
384
756
639
0
643
691
709
671
821
284
328
576
648
0
244
664
0
0
0
917
0
160
0
634
832
35
626
865
0
283
0
0
151
10
0
444
752
277
742
8
0
0
683
0
0
0
3
179
949
522
553
835
0
0
