0
893
0
571
497
393
771
104
886
421
663
962
974
472
301
576
698
0
968
0
972
482
772
698
356
299
0
158
873
507
327
0
172
204
103
326
815
178
311
582
509
650
628
730
951
0
802
61
448
523
893
0
616
528
0
202
175
58
892
0
0
593
406
499
891
218
64
364
1
868
909
882
602
965
291
51
220
214
0
897
33
0
604
689
333
229
0
271
840
135
423
56
694
0
802
0
843
428
326
823
0
616
0
570
338
574
117
841
184
0
0
550
950
0
456
0
265
944
875
0
12
272
875
205
1
0
0
159
911
0
561
262
818
975
0
0
0
559
574
0
290
941
3
258
0
590
0
325
231
458
571
528
570
0
217
0
0
62
485
72
36
356
911
0
982
182
0
0
0
525
309
292
108
914
0
0
888
500
240
212
557
0
853
0
0
10
0
144
0
0
91
0
0
999
843
413
631
0
755
0
497
0
338
217
0
657
208
364
531
685
94
0
152
301
187
568
0
469
729
0
853
442
348
916
923
398
0
718
0
611
287
909
35
0
0
276
533
533
973
0
598
0
0
256
993
0
1
85
910
0
393
202
574
0
657
0
910
513
966
256
469
194
495
613
965
522
708
75
772
0
720
982
53
922
620
982
0
651
679
896
321
894
902
190
811
9
617
579
932
358
195
560
940
197
0
453
418
146
966
72
771
175
117
0
208
910
0
934
0
647
0
0
214
0
0
235
440
194
334
0
817
144
0
973
716
0
345
347
0
507
0
598
69
519
442
976
805
249
0
886
400
0
913
0
79
297
520
99
695
857
104
58
841
62
364
513
934
0
885
0
367
680
0
378
0
852
780
0
147
804
653
754
883
373
396
736
179
0
3
0
365
333
857
839
818
0
532
3
572
0
802
915
0
378
0
127
0
0
749
634
886
892
184
485
531
966
0
885
0
840
200
0
995
0
0
0
518
0
619
63
40
691
458
229
0
0
978
0
26
422
0
833
207
738
261
162
0
427
810
997
849
473
202
0
371
826
101
894
352
960
421
0
0
72
685
256
647
0
840
0
527
193
0
0
390
0
280
303
477
90
0
0
589
853
599
616
0
0
0
733
556
807
0
159
605
542
831
379
701
977
0
437
636
13
238
745
0
919
959
688
663
0
0
36
94
469
0
367
200
527
0
964
94
821
241
0
0
566
870
326
16
0
820
679
313
624
58
309
278
511
820
621
876
804
714
345
0
880
233
0
501
223
205
509
615
302
500
0
470
672
962
593
550
356
0
194
0
680
0
193
964
0
743
176
260
0
239
492
411
342
0
400
366
427
399
0
721
130
935
371
541
0
898
233
974
186
944
731
0
819
219
589
0
0
663
418
333
810
829
490
974
406
950
911
152
495
214
0
995
0
94
743
0
0
691
957
741
630
0
424
481
362
443
223
508
637
899
0
730
0
470
302
312
271
606
38
473
437
275
825
0
0
642
806
551
252
395
796
0
0
472
499
0
0
301
613
0
378
0
0
821
176
0
0
441
302
224
519
71
0
296
622
788
568
105
880
0
0
801
694
568
762
646
111
866
879
971
99
178
455
777
828
224
394
836
269
0
837
231
0
301
891
456
982
187
965
0
0
0
390
241
260
691
441
0
518
357
0
0
721
185
0
651
778
272
860
0
225
777
161
695
226
973
0
25
950
494
9
493
954
0
0
302
636
567
0
0
0
0
194
576
218
0
182
568
522
235
852
0
0
0
0
957
302
518
0
471
0
349
0
0
782
859
825
149
327
358
19
0
0
873
164
492
329
81
782
924
492
0
885
638
814
0
395
631
310
462
988
244
0
698
64
265
0
0
708
440
780
518
280
0
239
741
224
357
471
0
968
408
377
0
838
57
0
225
401
593
826
485
973
689
524
162
896
526
0
858
30
0
0
332
347
399
436
0
546
698
486
12
259
0
364
944
0
469
75
194
0
0
303
566
492
630
519
0
0
968
0
687
0
490
53
0
115
389
624
0
19
0
0
878
0
464
442
0
714
0
0
433
858
96
0
820
577
228
103
852
0
951
338
968
1
875
0
729
772
334
147
619
477
870
411
0
71
0
349
408
687
0
336
352
211
157
491
220
100
645
198
0
753
273
787
0
979
398
0
0
392
0
0
342
0
63
663
0
384
101
0
361
95
0
868
0
525
0
0
0
804
63
90
326
342
424
0
721
0
377
0
336
0
0
0
105
524
604
0
0
22
379
219
485
149
0
0
403
668
854
51
650
0
744
0
673
365
79
278
433
0
267
0
972
909
12
309
853
720
817
653
40
0
16
0
481
296
185
0
0
490
352
0
0
0
655
0
595
230
0
995
729
0
630
0
215
427
139
559
566
116
572
0
0
517
0
0
0
982
656
151
36
0
482
882
272
292
442
982
144
754
691
0
0
400
362
622
0
782
838
53
211
0
0
0
383
983
695
6
23
846
0
0
0
398
0
923
973
190
0
869
0
268
0
811
731
131
0
443
447
0
570
0
772
602
875
108
348
53
0
883
458
589
820
366
443
788
651
859
57
0
157
105
655
383
0
567
557
126
0
0
456
0
0
665
464
208
7
762
113
597
10
527
822
735
0
421
0
817
409
302
223
12
698
965
205
914
916
922
973
373
229
853
679
427
223
568
778
825
0
115
491
524
0
983
567
0
641
0
272
775
175
889
0
486
0
254
85
317
269
661
0
567
48
515
516
0
3
936
398
0
0
114
356
291
1
0
923
620
716
396
0
599
313
399
508
105
272
149
225
389
220
604
595
695
557
641
0
292
0
876
0
487
839
961
567
949
718
366
341
795
678
0
0
0
0
881
247
0
728
267
839
858
299
51
0
0
398
982
0
736
0
616
624
0
637
880
860
327
401
624
100
0
230
6
126
0
292
0
537
534
310
385
590
0
75
61
494
812
961
0
0
575
290
795
54
50
464
976
213
712
0
288
0
220
0
888
0
0
345
179
978
0
58
721
899
0
0
358
593
0
645
0
0
23
0
272
0
537
0
27
0
129
465
0
752
575
963
800
0
0
512
284
515
399
58
0
376
647
407
258
0
498
158
214
159
500
718
651
347
0
0
0
309
130
0
0
225
19
826
19
198
22
995
846
0
775
876
534
27
0
240
699
202
0
721
342
0
377
434
947
786
180
569
338
652
0
612
0
90
334
0
881
873
0
911
240
0
679
0
3
26
0
278
935
730
801
777
0
485
0
0
379
729
0
456
175
0
310
0
240
0
612
0
0
433
0
529
34
992
19
187
768
640
683
860
216
0
561
670
0
0
859
507
897
0
212
611
896
507
0
422
733
511
371
0
694
161
0
973
0
753
219
0
0
0
889
487
385
129
699
612
0
571
0
911
9
0
41
279
264
0
847
721
846
0
6
205
657
138
0
278
2
327
33
561
557
287
321
0
365
0
556
820
541
470
568
695
873
689
878
273
485
630
0
0
0
839
590
465
202
0
571
0
452
427
731
0
672
900
995
693
965
0
826
423
216
796
849
0
0
0
778
0
0
262
0
909
894
598
333
833
807
621
0
302
762
226
164
524
0
787
149
0
398
665
486
961
0
0
0
0
0
452
0
2
783
0
0
281
883
790
902
238
61
648
640
458
891
0
877
483
459
172
604
818
853
35
902
69
857
207
0
876
898
312
646
973
492
162
464
0
0
215
0
464
0
567
75
752
721
433
911
427
2
0
565
274
0
345
0
0
427
0
0
0
651
0
950
0
93
810
707
204
689
975
0
0
190
519
839
738
159
804
233
271
111
0
329
896
442
979
0
427
923
208
254
949
61
575
342
0
9
731
783
565
0
761
215
816
544
314
448
0
3
766
364
0
262
298
108
341
904
103
333
0
0
0
811
442
818
261
605
714
974
606
866
25
81
526
0
398
403
139
973
7
85
718
494
963
0
529
0
0
0
274
761
0
572
0
284
857
458
914
419
338
371
4
480
0
0
494
896
326
229
0
10
276
9
976
0
162
542
345
186
38
879
950
782
0
714
0
668
559
190
762
317
366
812
800
377
34
41
672
0
0
215
572
0
303
402
314
0
0
685
289
211
871
131
0
61
623
994
815
0
0
0
533
617
805
532
0
831
0
944
473
971
494
924
858
0
0
854
566
0
113
269
341
961
0
434
992
279
900
281
345
816
0
303
0
640
774
855
507
799
0
535
888
787
105
886
940
495
178
271
559
144
533
579
249
3
427
379
880
731
437
99
9
492
30
0
392
51
116
869
597
661
795
0
0
947
19
264
995
883
0
544
284
402
640
0
895
166
539
954
0
622
403
722
338
220
0
853
311
840
574
0
973
932
0
572
810
701
233
0
275
178
493
0
0
433
0
650
572
0
10
0
678
0
512
786
187
0
693
790
0
314
857
314
774
895
0
149
677
205
149
663
406
373
171
569
299
577
582
135
0
0
0
358
886
0
997
977
0
819
825
455
954
885
0
858
0
0
0
268
527
567
0
575
284
180
768
847
965
902
427
448
458
0
855
166
149
0
844
92
0
188
0
910
828
0
239
907
509
423
290
91
598
195
400
802
849
0
501
219
0
777
0
638
332
96
342
744
0
0
822
48
0
290
515
569
640
721
0
238
0
0
914
0
507
539
677
844
0
824
741
141
261
734
697
377
760
0
650
56
941
0
0
560
0
915
473
437
223
589
0
828
0
814
347
0
0
0
517
811
735
515
0
795
399
338
683
846
826
61
0
3
419
685
799
954
205
92
824
0
223
203
358
653
0
828
746
629
628
694
3
0
0
940
913
0
202
636
205
0
642
224
302
0
399
820
63
673
0
731
0
516
0
54
58
652
860
0
423
648
0
766
338
289
0
0
149
0
741
223
0
21
569
0
317
0
0
969
730
0
258
999
256
197
0
378
0
13
509
0
806
394
636
395
436
577
663
365
0
131
421
0
881
50
0
0
216
6
216
640
651
364
371
211
535
622
663
188
141
203
21
0
966
824
916
114
426
413
951
802
0
843
993
0
79
0
371
238
615
663
551
836
567
631
0
228
0
79
0
0
0
3
247
464
376
612
0
205
796
458
0
0
4
871
888
403
406
0
261
358
569
966
0
0
0
509
106
0
0
0
590
413
0
453
297
127
826
745
302
418
252
269
0
310
546
103
384
278
982
443
817
936
0
976
647
0
561
657
849
891
950
262
480
131
787
722
373
910
734
653
0
824
0
0
489
0
0
366
802
843
0
631
1
418
520
0
101
0
500
333
395
0
0
462
698
852
101
433
656
447
409
398
728
213
407
90
670
138
0
0
0
298
0
0
105
338
171
828
697
0
317
916
0
489
0
994
0
520
61
428
325
0
85
146
99
0
894
919
0
810
796
837
0
988
486
0
0
0
151
0
302
0
267
712
258
334
0
0
0
877
93
108
0
61
886
220
569
0
377
828
0
114
509
0
994
0
478
232
448
326
231
755
910
966
695
749
352
959
470
829
0
231
0
244
12
951
361
267
36
570
223
0
839
0
0
0
0
278
0
483
810
341
494
623
940
0
299
239
760
746
0
426
106
0
0
478
0
950
523
823
458
0
0
72
857
634
960
688
672
490
0
0
194
0
259
338
95
0
0
0
12
114
858
288
498
881
859
2
778
459
707
904
896
994
495
853
577
907
0
629
969
413
0
366
520
232
950
0
